sample_id	n_sites	n_sites_missing_before	n_sites_missing_after	n_sites_nonmissing_before	n_sites_nonmissing_after	call_probability
A108	60044929	1590301	12231201	58454628	47813728	0.8179630875420163
A142	60044929	1547638	9340952	58497291	50703977	0.8667747879128284
A188	60044929	13862472	33007140	46182457	27037789	0.5854558366177876
A206	60044929	2626120	14635413	57418809	45409516	0.7908474033308494
AUA1	60044929	3030276	16231697	57014653	43813232	0.7684556459547338
AUA9	60044929	3224080	17060395	56820849	42984534	0.7564922868364744
AUB6	60044929	1912134	10386015	58132795	49658914	0.8542323485392368
AUC3	60044929	1743634	10425235	58301295	49619694	0.8510907690815445
AUC4	60044929	2689943	16901815	57354986	43143114	0.7522120919007809
AUD8	60044929	1539111	9706988	58505818	50337941	0.8603920553678952
AUE1	60044929	1702066	10935128	58342863	49109801	0.8417447906181772
AUE6	60044929	3428125	20241486	56616804	39803443	0.7030323188147463
AUE7	60044929	1779887	9063235	58265042	50981694	0.8749962627676472
AUG8	60044929	2976687	18049507	57068242	41995422	0.7358807723567163
AVA8	60044929	2603042	16362182	57441887	43682747	0.760468523605431
AVA9	60044929	2468678	16239862	57576251	43805067	0.7608183276816686
AVB2	60044929	2809344	17936453	57235585	42108476	0.7357044747598893
AVB6	60044929	1963717	11206663	58081212	48838266	0.8408616886300513
AVD4	60044929	3251534	19218456	56793395	40826473	0.7188595258304245
AVG5	60044929	2506303	15370726	57538626	44674203	0.7764210949354265
AVH2	60044929	2849872	15408275	57195057	44636654	0.7804285254930334
AWB7	60044929	3138672	18056910	56906257	41988019	0.7378453831535607
AWB9	60044929	2721803	18151374	57323126	41893555	0.7308316542262542
AWC5	60044929	2859327	14978328	57185602	45066601	0.7880760090625609
AWE2	60044929	3442974	19245532	56601955	40799397	0.7208125055044476
AWI4	60044929	2783239	18342544	57261690	41702385	0.7282772303786353
AWI5	60044929	2819160	18097260	57225769	41947669	0.733020625725449
AWI6	60044929	2836783	18327062	57208146	41717867	0.7292294877026778
AXA7	60044929	2403166	14895938	57641763	45148991	0.7832687386747695
AXB5	60044929	3070802	16735086	56974127	43309843	0.7601668560889051
AXB8	60044929	2953637	16388004	57091292	43656925	0.7646862327095347
AXD5	60044929	2630713	14925543	57414216	45119386	0.7858573911381111
AXF8	60044929	2248519	13220415	57796410	46824514	0.8101630187757336
AXH6	60044929	2962093	16105642	57082836	43939287	0.7697460406487162
AXH8	60044929	2906676	15581000	57138253	44463929	0.7781814575254865
AYC7	60044929	1783425	10203108	58261504	49841821	0.8554846266927816
AYE5	60044929	2767435	14977954	57277494	45066975	0.7868182047210376
BNC5	60044929	2404401	12226065	57640528	47818864	0.8296048918913442
BND3	60044929	3241148	16216951	56803781	43827978	0.7715679700969201
BND5	60044929	2814824	13712595	57230105	46332334	0.8095797482810839
Bel01	60044929	1887763	10487263	58157166	49557666	0.852133441302831
Bel03	60044929	6968099	31179182	53076830	28865747	0.5438483609514736
Bel06	60044929	6173157	28608907	53871772	31436022	0.5835342115718785
Bel07	60044929	3938808	21986354	56106121	38058575	0.6783319595378907
Bel09	60044929	4014722	24096372	56030207	35948557	0.6415924360229474
Bel12	60044929	4734038	24383303	55310891	35661626	0.6447487168485497
Bel13	60044929	5457542	28321784	54587387	31723145	0.5811442302596386
Bel14	60044929	4484168	25325856	55560761	34719073	0.6248847635474252
Bel16	60044929	5107355	27799881	54937574	32245048	0.5869397873302523
Bel18	60044929	3983015	23671151	56061914	36373778	0.6488144161471191
Bel33	60044929	8168579	31782797	51876350	28262132	0.5447980052567307
DMD1	60044929	2041926	15808532	58003003	44236397	0.7626570127757006
GPA1	60044929	8153189	29697185	51891740	30347744	0.5848280285070417
GPB2	60044929	5862338	25304950	54182591	34739979	0.6411649638534267
GPC4	60044929	1338960	6527539	58705969	53517390	0.9116175222318534
GPC6	60044929	5406281	27569917	54638648	32475012	0.5943597286667854
GPC9	60044929	2039634	11068980	58005295	48975949	0.84433583175467
GPD1	60044929	5215112	26922717	54829817	33122212	0.6040912374374695
GPF8	60044929	4564521	22190037	55480408	37854892	0.6823109880518543
GPF9	60044929	3247019	16847870	56797910	43197059	0.7605395867559211
GPH1	60044929	1097556	5432889	58947373	54612040	0.9264541780343629
GPH2	60044929	1832069	11131044	58212860	48913885	0.8402590939527795
GPH7	60044929	3055255	17887507	56989674	42157422	0.7397379040982056
HFG1287	60044929	1278918	8579175	58766011	51465754	0.8757741613600419
HXC4	60044929	6093920	28848891	53951009	31196038	0.5782290003139701
HXC5	60044929	2431525	13085209	57613404	46959720	0.8150832400043573
HXC6	60044929	1290014	5065216	58754915	54979713	0.9357466179637908
HXC7	60044929	6033160	29427385	54011769	30617544	0.5668680098220815
HXC8	60044929	2651070	16239126	57393859	43805803	0.7632489566523136
ILA7	60044929	2132692	11498769	57912237	48546160	0.8382711930122817
ILB4	60044929	2670930	15331081	57373999	44713848	0.7793399236472953
ILB6	60044929	5195269	26396760	54849660	33648169	0.6134617607474686
ILB7	60044929	4800516	24921379	55244413	35123550	0.635784653916044
ILC1	60044929	5308281	24459136	54736648	35585793	0.6501273698747501
ILD3	60044929	3686434	17980286	56358495	42064643	0.7463762650155935
ILD9	60044929	4252607	22656154	55792322	37388775	0.670141941753204
ILE5	60044929	8715682	34720054	51329247	25324875	0.4933809958287524
ILE6	60044929	2815176	16982416	57229753	43062513	0.7524497441042599
ILF7	60044929	5903720	26898480	54141209	33146449	0.6122221799664651
ILF8	60044929	2190887	13480541	57854042	46564388	0.8048597192223838
ILG3	60044929	2293031	13496502	57751898	46548427	0.8060068779038223
ILG7	60044929	2688453	13639960	57356476	46404969	0.8090624152013802
ILH1	60044929	5578522	28112002	54466407	31932927	0.5862866445366958
IMA1	60044929	3585053	21153138	56459876	38891791	0.6888394689354259
IMA2	60044929	4869232	26392711	55175697	33652218	0.6099101566401599
IMB3	60044929	6653877	31254267	53391052	28790662	0.5392413320494228
IMB4	60044929	2583522	15047667	57461407	44997262	0.7830866724164969
IMD1	60044929	1273252	5929769	58771677	54115160	0.9207693699126537
IMD2	60044929	3594925	19387833	56450004	40657096	0.7202319418790475
IMF7	60044929	4640096	24336341	55404833	35708588	0.6445031248447225
IMF8	60044929	1712668	8669679	58332261	51375250	0.8807347618498793
IMG9	60044929	2941907	16328008	57103022	43716921	0.7655798146725055
IMH3	60044929	1959966	10948473	58084963	49096456	0.8452524278960116
INA6	60044929	4726903	25686870	55318026	34358059	0.6211005974797438
INC7	60044929	3081464	17036398	56963465	43008531	0.7550195726330904
IND7	60044929	3204228	18100717	56840701	41944212	0.7379256635135446
IND8	60044929	3705651	20194342	56339278	39850587	0.7073322274382003
INE8	60044929	974994	4627580	59069935	55417349	0.938165058079038
INE9	60044929	2103681	12992378	57941248	47052551	0.8120734817448185
INF1	60044929	2332968	11658532	57711961	48386397	0.8384119368253662
INF2	60044929	1619851	5768195	58425078	54276734	0.9289972021945782
INH1	60044929	1986733	10509348	58058196	49535581	0.8532056524801425
INH7	60044929	1636507	11572674	58408422	48472255	0.8298846868350596
INH9	60044929	1573916	11805862	58471013	48239067	0.8250082310015734
IOD4	60044929	5401259	24678704	54643670	35366225	0.647215404821821
IOD6	60044929	7581232	32067217	52463697	27977712	0.533277553810209
IOD9	60044929	2240168	13610825	57804761	46434104	0.803292033332687
IOE1	60044929	3217074	19708703	56827855	40336226	0.7097967361252682
IOE2	60044929	3377642	18433608	56667287	41611321	0.734309390883668
IOE3	60044929	2351187	12759122	57693742	47285807	0.8196002783109475
IOH4	60044929	2687673	16033506	57357256	44011423	0.7673209297181163
IOH5	60044929	1182579	5798092	58862350	54246837	0.9215880269815935
IPB6	60044929	2364918	13895367	57680011	46149562	0.8000962759871874
IPC1	60044929	3679193	21445995	56365736	38598934	0.6847942870824928
IPD6	60044929	5379239	26976426	54665690	33068503	0.6049224476998278
IPE3	60044929	4339006	21578060	55705923	38466869	0.6905346312994401
IPE7	60044929	4410020	21749767	55634909	38295162	0.6883297319673876
IPF3	60044929	4637691	24167135	55407238	35877794	0.647529010559956
IPF7	60044929	4805802	23934545	55239127	36110384	0.6537102586722632
IPG3	60044929	1846180	9990394	58198749	50054535	0.8600620436016588
IPH2	60044929	2073983	10153744	57970946	49891185	0.8606239580772065
IQA3	60044929	1301285	5412250	58743644	54632679	0.9300185565607745
IQA4	60044929	3359403	18884333	56685526	41160596	0.7261217969468962
IQB6	60044929	2749932	16776264	57294997	43268665	0.7551909811601875
IQB8	60044929	1124502	6647956	58920427	53396973	0.9062557031367068
IQB9	60044929	3230042	16968045	56814887	43076884	0.758197125341462
IQC1	60044929	6565501	30727672	53479428	29317257	0.5481969066684856
IQC4	60044929	2053422	12570818	57991507	47474111	0.8186390293323469
IQD3	60044929	3770004	18518461	56274925	41526468	0.737921338855627
IQE4	60044929	4570984	22199992	55473945	37844937	0.6822110271768125
IQI4	60044929	4629298	24306142	55415631	35738787	0.6449224948823555
IRA1	60044929	6727383	29768229	53317546	30276700	0.5678562175385942
IRA2	60044929	3419777	16448260	56625152	43596669	0.7699170326288926
IRB2	60044929	4667595	25214945	55377334	34829984	0.6289573997910408
IRB8	60044929	3309371	18810674	56735558	41234255	0.7267797560041623
IRC4	60044929	1857363	10500115	58187566	49544814	0.8514673736309919
IRC5	60044929	3928587	21654803	56116342	38390126	0.6841166874348296
IRD7	60044929	2280826	10861090	57764103	49183839	0.8514602745584052
IRD8	60044929	4955002	23630245	55089927	36414684	0.6610043974100747
IRD9	60044929	4123621	20648383	55921308	39396546	0.704499723075147
IRE3	60044929	5276168	25545552	54768761	34499377	0.629909758228783
IRF6	60044929	5004553	25112591	55040376	34932338	0.6346675029981627
IRF8	60044929	6490291	30291745	53554638	29753184	0.5555668959988115
IRH2	60044929	7766730	33152907	52278199	26892022	0.5144022272075593
IRH4	60044929	7536972	31776193	52507957	28268736	0.5383705178245651
IRI8	60044929	2704031	15525337	57340898	44519592	0.7764020716940987
IRI9	60044929	4523541	23978321	55521388	36066608	0.649598457444904
ISA1	60044929	8306535	29887456	51738394	30157473	0.5828838251144788
ISA3	60044929	3457944	9766948	56586985	50277981	0.8885078609507115
ISA6	60044929	4401634	24116617	55643295	35928312	0.6456898715289956
ISA8	60044929	2126367	13633632	57918562	46411297	0.8013199119135589
ISB1	60044929	3163322	16631083	56881607	43413846	0.763231706867916
ISB3	60044929	3444742	19456460	56600187	40588469	0.7171083904722788
ISB7	60044929	5420038	26878418	54624891	33166511	0.6071684609860366
ISC1	60044929	2464450	14704639	57580479	45340290	0.78742467564398
ISC9	60044929	2218241	12287020	57826688	47757909	0.8258800676946949
ISD8	60044929	3673807	20802101	56371122	39242828	0.6961512669554457
ISE5	60044929	4967028	26611946	55077901	33432983	0.6070126564917571
ISI2	60044929	2724572	14284949	57320357	45759980	0.7983198708968264
ISI6	60044929	3345243	17486445	56699686	42558484	0.7505947034697864
ITA4	60044929	1993922	13239638	58051007	46805291	0.8062787093426304
ITA6	60044929	855181	4390945	59189748	55653984	0.9402639119193412
ITB1	60044929	2384406	16642883	57660523	43402046	0.7527168284616496
ITB3	60044929	2637199	16578047	57407730	43466882	0.757160786535193
ITB4	60044929	3736354	22568608	56308575	37476321	0.6655526445128472
ITC2	60044929	3916168	23775219	56128761	36269710	0.6461876113744965
ITD7	60044929	3998643	20961857	56046286	39083072	0.697335627199276
ITG2	60044929	2559999	14999523	57484930	45045406	0.7836037375360811
ITH3	60044929	1964077	8891564	58080852	51153365	0.8807268357564727
IUD8	60044929	3454681	11224483	56590248	48820446	0.86270069005529
IUD9	60044929	3717425	13619613	56327504	46425316	0.8242033234776389
IUE5	60044929	3671978	12101810	56372951	47943119	0.850463176923273
IUE7	60044929	4950412	18844379	55094517	41200550	0.7478157944464783
IUF7	60044929	2729903	15169587	57315026	44875342	0.782959463370042
IUF8	60044929	2944174	15655264	57100755	44389665	0.7773919101419937
IUI1	60044929	6040485	28195535	54004444	31849394	0.5897550579356025
IUI4	60044929	3836298	21223382	56208631	38821547	0.6906687871476536
IUI5	60044929	2469727	15914139	57575202	44130790	0.7664895383258925
IUI7	60044929	3942636	23784404	56102293	36260525	0.6463287516608278
IUI8	60044929	4961625	23584299	55083304	36460630	0.6619179924283409
IVB4	60044929	2503412	13060119	57541517	46984810	0.8165375619137744
IVB5	60044929	4333508	22147391	55711421	37897538	0.6802471974283334
IVE8	60044929	2426283	13982615	57618646	46062314	0.799434162336963
IVF1	60044929	2100064	13444820	57944865	46600109	0.8042146443865216
IVF4	60044929	1887097	9002101	58157832	51042828	0.8776604327341501
IVF5	60044929	6057181	26933838	53987748	33111091	0.6133075045100974
IVH1	60044929	3140803	18129922	56904126	41915007	0.7365899442862895
IVH2	60044929	3848412	21201246	56196517	38843683	0.6912115745536329
IWB5	60044929	3812414	21676310	56232515	38368619	0.6823208778764386
IWB6	60044929	1940786	11836127	58104143	48208802	0.8296964641574698
IWC9	60044929	1007120	4790281	59037809	55254648	0.9359196917351726
IWD4	60044929	2648716	16427184	57396213	43617745	0.7599411654563342
IWD5	60044929	3280375	16822672	56764554	43222257	0.7614303989775028
IWD6	60044929	2150690	12185383	57894239	47859546	0.8266719940821746
IWD7	60044929	6445152	28252271	53599777	31792658	0.5931490722433416
IWD8	60044929	3785931	19698133	56258998	40346796	0.7171616529679394
IXA3	60044929	3770188	15078226	56274741	44966703	0.7990565962800256
IXA4	60044929	2043939	14241636	58000990	45803293	0.7896984689399267
IXA5	60044929	4545648	21499669	55499281	38545260	0.6945181866410125
IXA6	60044929	3435403	14270034	56609526	45774895	0.8086076361070397
IXB5	60044929	1356246	10025439	58688683	50019490	0.8522850989857789
IXB6	60044929	3118730	20355491	56926199	39689438	0.6972086437740205
IXB8	60044929	3583942	20983879	56460987	39061050	0.6918237189158596
IXB9	60044929	3582090	18961078	56462839	41083851	0.7276263774125846
IXC1	60044929	3691398	20517854	56353531	39527075	0.7014125698707326
IXC2	60044929	5154238	25493543	54890691	34551386	0.6294580259519779
IXC3	60044929	5148375	24567626	54896554	35477303	0.6462573771023952
IXF4	60044929	1409742	5697986	58635187	54346943	0.9268656890273071
IYA4	60044929	4973312	25864230	55071617	34180699	0.6206590774336624
IYA5	60044929	7147235	32761244	52897694	27283685	0.5157821246423332
IYA6	60044929	7373903	33224333	52671026	26820596	0.509209674404292
IYA7	60044929	2743812	16854450	57301117	43190479	0.753745847572221
IYA8	60044929	3632534	23496044	56412395	36548885	0.6478874899744994
IZA1	60044929	3256921	17829889	56788008	42215040	0.7433794825132799
IZA2	60044929	3802608	21270802	56242321	38774127	0.6894119287857982
IZA5	60044929	1588769	6943248	58456160	53101681	0.9084018005972339
IZA8	60044929	1203502	5542893	58841427	54502036	0.9262527912519865
IZA9	60044929	1929411	11224208	58115518	48820721	0.840063423335571
IZB2	60044929	1107545	7325018	58937384	52719911	0.8945071433777922
IZC5	60044929	1319681	5101888	58725248	54943041	0.9355948739458708
IZC7	60044929	3505354	19536470	56539575	40508459	0.716462035662631
IZE1	60044929	4580152	15454487	55464777	44590442	0.803941607842397
IZE4	60044929	1606882	10853111	58438047	49191818	0.8417772414605162
IZF1	60044929	3930956	22842880	56113973	37202049	0.6629729996127702
IZH7	60044929	1349522	4150466	58695407	55894463	0.9522800140051845
IZI3	60044929	1621756	7073621	58423173	52971308	0.9066831751846138
IZI7	60044929	3563904	18704637	56481025	41340292	0.7319323967651082
IZI8	60044929	5339057	25562282	54705872	34482647	0.6303280752018723
JAB1	60044929	3671466	18398654	56373463	41646275	0.7387567267244164
JAB7	60044929	5066860	25680179	54978069	34364750	0.6250628773447827
JAE1	60044929	3468359	19398918	56576570	40646011	0.7184248002309083
JAE7	60044929	892693	4584556	59152236	55460373	0.9375870930728637
JAE9	60044929	2023794	11585240	58021135	48459689	0.835207532565504
JAF5	60044929	2917672	17891755	57127257	42153174	0.7378819886276003
JAF7	60044929	1455551	5145648	58589378	54899281	0.9370176450755289
JAF9	60044929	1549618	6016424	58495311	54028505	0.9236382211900711
JAH7	60044929	1808702	11412962	58236227	48631967	0.8350810055053876
JBD5	60044929	3844734	21445402	56200195	38599527	0.6868219407423765
JBD6	60044929	2794127	17658019	57250802	42386910	0.7403723357447464
JBE6	60044929	4039107	19506032	56005822	40538897	0.7238336221544968
JBE7	60044929	1804540	7119671	58240389	52925258	0.9087380580510889
JBE8	60044929	5374941	26230218	54669988	33814711	0.6185242074682731
JBE9	60044929	3576946	21511664	56467983	38533265	0.6823913827416148
JBG3	60044929	4624682	23587939	55420247	36456990	0.6578279956060102
JBH4	60044929	5389738	26717953	54655191	33326976	0.60976780778243
JBH5	60044929	3266604	19347596	56778325	40697333	0.7167758647335933
JCF2	60044929	871707	4402126	59173222	55642803	0.9403375567414598
JDD7	60044929	1478610	6522932	58566319	53521997	0.91386991557383
JDD8	60044929	4316020	22795393	55728909	37249536	0.6684059793813656
JDE3	60044929	3096264	16581483	56948665	43463446	0.7632039486790427
JDE4	60044929	2038408	10648699	58006521	49396230	0.8515633957775196
JDE6	60044929	3007333	14753583	57037596	45291346	0.7940612714462931
JDE7	60044929	3359158	15566253	56685771	44478676	0.784653277451232
JDF3	60044929	4797291	25825750	55247638	34219179	0.6193781352245321
JDF4	60044929	1253799	5593688	58791130	54451241	0.9261812283587677
JDF5	60044929	3076857	17521588	56968072	42523341	0.7464416383970305
JDG4	60044929	5951574	28665211	54093355	31379718	0.5801030089555362
JDI1	60044929	3595889	19074565	56449040	40970364	0.7257938133226004
JDI2	60044929	2121283	12352600	57923646	47692329	0.8233654525131239
JDI4	60044929	2001084	14425947	58043845	45618982	0.7859400423938145
JEB2	60044929	2808923	14598825	57236006	45446104	0.7940124962597844
JEB4	60044929	4527762	21768851	55517167	38276078	0.6894458069159041
JEC7	60044929	1326379	4817892	58718550	55227037	0.9405381604280079
JED2	60044929	1352600	5313263	58692329	54731666	0.9325182171591794
JED4	60044929	3139374	17784493	56905555	42260436	0.7426416630151486
JED5	60044929	1004440	5125863	59040489	54919066	0.9301932780400921
JEG5	60044929	2532411	14710949	57512518	45333980	0.7882454390190323
JEG6	60044929	4768318	25409428	55276611	34635501	0.6265851030556124
JEI4	60044929	4355406	22841348	55689523	37203581	0.6680535044266764
JEI5	60044929	4081865	21968188	55963064	38076741	0.6803905697515061
JEI6	60044929	1535734	9781229	58509195	50263700	0.8590735182734953
JEI8	60044929	1151001	5837283	58893928	54207646	0.9204284353388689
JUA3	60044929	2574930	15316800	57469999	44728129	0.7782865804469563
JUA4	60044929	1408178	6287452	58636751	53757477	0.9167881249082167
JUB6	60044929	4279632	22174805	55765297	37870124	0.6790984005698024
JUB7	60044929	3024042	15625787	57020887	44419142	0.7789977381446206
JUD4	60044929	5625072	27932305	54419857	32112624	0.5900901944670675
JUD5	60044929	1239510	7985229	58805419	52059700	0.8852874596472138
JUH9	60044929	2092227	14077283	57952702	45967646	0.7931924554613519
JUI1	60044929	5290720	27931988	54754209	32112941	0.58649264753327
JVB4	60044929	1502651	8445404	58542278	51599525	0.8814061694011975
JVB8	60044929	1985283	12149093	58059646	47895836	0.8249419226565728
JVC3	60044929	1389283	8709329	58655646	51335600	0.8752030452447834
JVC9	60044929	2208189	14618543	57836740	45426386	0.7854243859525969
JVE1	60044929	6718637	30470775	53326292	29574154	0.5545886070608472
JVF2	60044929	4899354	25865818	55145575	34179111	0.6197978894952133
JVH2	60044929	4430587	22634789	55614342	37410140	0.6726707294316275
JVH3	60044929	7930873	33247410	52114056	26797519	0.5142090456363635
JVH4	60044929	2591462	12816039	57453467	47228890	0.8220372497276797
JVI5	60044929	1894176	8657282	58150753	51387647	0.8836970176465299
JVI9	60044929	2386704	14941070	57658225	45103859	0.7822623571918838
JWA1	60044929	1022060	4949723	59022869	55095206	0.9334552341059531
JWA2	60044929	979885	4290799	59065044	55754130	0.943944611300044
JWA3	60044929	4292817	24026512	55752112	36018417	0.6460457856735544
JWA4	60044929	4741949	25839004	55302980	34205925	0.6185186584882044
JWA5	60044929	1162236	5058296	58882693	54986633	0.9338335289793895
JWA6	60044929	1102185	4404027	58942744	55640902	0.9439822143332859
JWA7	60044929	1298062	8725179	58746867	51319750	0.8735742452444315
JWA8	60044929	9341732	34094703	50703197	25950226	0.5118065040356331
JWA9	60044929	2194652	10632764	57850277	49412165	0.8541387796639245
JWC8	60044929	3973205	23045673	56071724	36999256	0.6598558660332969
JWC9	60044929	1188190	6945896	58856739	53099033	0.9021742268119883
JWD1	60044929	1182310	4260594	58862619	55784335	0.9477039239453481
JWD2	60044929	1200162	4500413	58844767	55544516	0.9439159815179488
JWE3	60044929	3590730	23102195	56454199	36942734	0.654384167243255
JWE7	60044929	2408919	7082002	57636010	52962927	0.9189207753971866
JWE8	60044929	2385714	8793100	57659215	51251829	0.8888749005687989
JWF3	60044929	1273237	5587490	58771692	54457439	0.9265930101178642
JWF4	60044929	1322824	6089485	58722105	53955444	0.9188268029560589
JWF5	60044929	1212741	4600528	58832188	55444401	0.9424160971201683
JWF6	60044929	1296051	5821982	58748878	54222947	0.9229614053224983
JWF7	60044929	1496640	5360767	58548289	54684162	0.9340010260590195
JWF8	60044929	1384933	5568276	58659996	54476653	0.9286849081953569
JWF9	60044929	1162615	5983447	58882314	54061482	0.9181276741263938
JWG1	60044929	2026935	6160971	58017994	53883958	0.9287456232974894
JWG2	60044929	1642382	6287004	58402547	53757925	0.920472269813849
JWG3	60044929	5105622	25357475	54939307	34687454	0.6313777128641248
JWG4	60044929	999751	5089832	59045178	54955097	0.9307296355343361
JWG5	60044929	2609734	17937944	57435195	42106985	0.733121651280195
JWG8	60044929	8031054	34018975	52013875	26025954	0.5003656043699878
JWG9	60044929	1424752	9414081	58620177	50630848	0.8637102545766793
JWH1	60044929	1252694	8366647	58792235	51678282	0.8789984255573886
JWH2	60044929	1163847	7116204	58881082	52928725	0.8989088379863671
JWH3	60044929	1384647	9141310	58660282	50903619	0.8677697628524867
JWH4	60044929	1343426	8797116	58701503	51247813	0.8730238644826521
JWH5	60044929	1407726	9487173	58637203	50557756	0.8622129537795314
JWH6	60044929	1264460	8144502	58780469	51900427	0.8829536048785184
JWH9	60044929	1383066	9235845	58661863	50809084	0.8661348515303716
JWI2	60044929	2403121	15722586	57641808	44322343	0.7689270086739819
JWI3	60044929	1377480	8418159	58667449	51626770	0.8799900264966353
JWI6	60044929	1343920	9124889	58701009	50920040	0.8674474402986838
JXA4	60044929	2466754	15615889	57578175	44429040	0.7716298753824692
JXB5	60044929	1781852	11571346	58263077	48473583	0.831977737804682
JXC1	60044929	2005375	12651288	58039554	47393641	0.8165748654788078
JXD4	60044929	2010967	12410774	58033962	47634155	0.8207979148485502
JXD7	60044929	1483826	8327151	58561103	51717778	0.883142143002327
JXE9	60044929	1912967	9728093	58131962	50316836	0.86556232180844
JXF4	60044929	5329422	26862160	54715507	33182769	0.6064600479714096
JXG8	60044929	1456193	6911903	58588736	53133026	0.9068812476172894
JXH2	60044929	1427834	6554379	58617095	53490550	0.9125418105417882
JXH4	60044929	19719233	49994020	40325696	10050909	0.24924328646429314
JXH5	60044929	1144777	6113376	58900152	53931553	0.9156436981690641
JXI2	60044929	4112435	23094006	55932494	36950923	0.66063428174685
JXI4	60044929	6589755	30836028	53455174	29208901	0.546418593642591
JYD3	60044929	1676844	8048762	58368085	51996167	0.8908321559633146
JYD5	60044929	10486737	39146651	49558192	20898278	0.42169169529025596
JYF7	60044929	2214096	10881492	57830833	49163437	0.8501250016578527
JYG5	60044929	3247094	17253700	56797835	42791229	0.7533954243150289
JYH3	60044929	2196143	11127245	57848786	48917684	0.8456129744883497
JYH7	60044929	4351909	22386211	55693020	37658718	0.6761838018480593
JYI8	60044929	2223966	14689929	57820963	45355000	0.7844040923358541
JZA3	60044929	2584076	15661163	57460853	44383766	0.7724174578473452
JZB7	60044929	5943792	28820884	54101137	31224045	0.5771421218005085
JZD3	60044929	2068630	10499978	57976299	49544951	0.8545725038433378
JZD5	60044929	2283445	13942103	57761484	46102826	0.7981586137918478
JZD6	60044929	1941756	11453467	58103173	48591462	0.8362961864406269
JZE2	60044929	3390180	16573817	56654749	43471112	0.7672986425198001
JZE4	60044929	1842801	6009931	58202128	54034998	0.9284024460411482
JZE6	60044929	2415873	14270202	57629056	45774727	0.7942994415872437
JZE8	60044929	2896580	17029189	57148349	43015740	0.7527031095858955
JZF1	60044929	2534039	15524618	57510890	44520311	0.7741196667274668
JZF2	60044929	1231993	5314984	58812936	54729945	0.9305766506878691
JZF3	60044929	1094246	5148819	58950683	54896110	0.931220932588686
JZF4	60044929	1279498	7004416	58765431	53040513	0.9025801750692511
KAD2	60044929	2342807	14372522	57702122	45672407	0.791520405436736
KAE8	60044929	4354916	23570926	55690013	36474003	0.6549469291738179
KAF1	60044929	3653934	19704824	56390995	40340105	0.7153643059499127
KAF2	60044929	1659633	6715640	58385296	53329289	0.9134027341404589
KAF3	60044929	3622500	18504598	56422429	41540331	0.7362379063829386
KAF4	60044929	3542937	18262074	56501992	41782855	0.7394934854686185
KAF5	60044929	2355400	13724615	57689529	46320314	0.8029241147037273
KAF6	60044929	1916598	10657047	58128331	49387882	0.8496353009000035
KAG3	60044929	1096210	9139715	58948719	50905214	0.8635508093059664
KAG7	60044929	1048468	5020467	58996461	55024462	0.9326739446286447
KAG8	60044929	1003171	4519098	59041758	55525831	0.9404501641024985
KCE5	60044929	4069639	23176817	55975290	36868112	0.6586497720690684
KCE7	60044929	1615960	9316153	58428969	50728776	0.8682127524789972
KCF3	60044929	1164262	4608301	58880667	55436628	0.9415081524127435
KCG2	60044929	1942651	10420167	58102278	49624762	0.8540932250539299
KCG3	60044929	1459343	6122177	58585586	53922752	0.9204098769277481
KCI6	60044929	1202119	5656327	58842810	54388602	0.9243032751155154
KCI7	60044929	3447048	20505626	56597881	39539303	0.6986004122663179
KDC6	60044929	5308220	26252198	54736709	33792731	0.6173687022360076
KDG2	60044929	775730	5597010	59269199	54447919	0.9186545443274845
KEA4	60044929	2319233	16390739	57725696	43654190	0.7562349702981493
KEB4	60044929	2024409	14484760	58020520	45560169	0.7852423418473327
KEB8	60044929	2336580	14468286	57708349	45576643	0.7897755487685153
KEC1	60044929	2300084	14062281	57744845	45982648	0.7963074106441882
KEC2	60044929	3122011	18660557	56922918	41384372	0.7270247811259429
KED6	60044929	3101040	20077182	56943889	39967747	0.70187947647903
KED7	60044929	2527196	17526958	57517733	42517971	0.7392150000070413
KEE9	60044929	3544747	22062765	56500182	37982164	0.6722485247923626
KEF1	60044929	3105959	20311166	56938970	39733763	0.6978307299903739
KEF2	60044929	1142227	7588279	58902702	52456650	0.8905644090826258
KEF3	60044929	3374273	21618048	56670656	38426881	0.6780736930237758
KEH3	60044929	1140269	6821409	58904660	53223520	0.9035536407476081
KFA7	60044929	1444930	6815789	58599999	53229140	0.9083471144769132
KFA9	60044929	1746274	10223436	58298655	49821493	0.8545907791526237
KFD2	60044929	3028909	19262494	57016020	40782435	0.7152802843832312
KFD4	60044929	3179098	20065750	56865831	39979179	0.7030439597374388
KFE8	60044929	3187175	19328052	56857754	40716877	0.7161182800150706
KFF1	60044929	2761114	17159159	57283815	42885770	0.7486542228376375
KFF4	60044929	2799857	18378796	57245072	41666133	0.7278553689302723
KFH4	60044929	2888795	17912843	57156134	42132086	0.7371402341522959
KFH5	60044929	2851626	17943316	57193303	42101613	0.7361283715332895
KHA4	60044929	2901944	18398166	57142985	41646763	0.728816721772585
KHA5	60044929	2363520	16370634	57681409	43674295	0.7571641497176326
KHA7	60044929	3661168	22220897	56383761	37824032	0.6708320149129463
KHA9	60044929	6429340	31328021	53615589	28716908	0.5356074331291968
KHC4	60044929	4585175	23487895	55459754	36557034	0.6591632916366704
KHC5	60044929	5070997	25219093	54973932	34825836	0.6334972728528859
KHE6	60044929	3427037	21543881	56617892	38501048	0.6800155682235574
KYA1	60044929	5013443	27341871	55031486	32703058	0.5942608564122728
KYA5	60044929	4179813	24549075	55865116	35495854	0.6353849511383812
KYB7	60044929	3349318	20331370	56695611	39713559	0.7004697241908197
KYB8	60044929	3289828	20021947	56755101	40022982	0.7051873980455078
KYB9	60044929	3069610	18653351	56975319	41391578	0.7264826020544088
KYE2	60044929	4936112	24986747	55108817	35058182	0.636162848496639
KYE7	60044929	4864058	24737925	55180871	35307004	0.6398413682161704
KYG1	60044929	6495982	30051849	53548947	29993080	0.5601058784591973
LBA1	60044929	2255841	15673860	57789088	44371069	0.7678105077553742
LBE2	60044929	2452742	14192868	57592187	45852061	0.7961507174575607
LBE9	60044929	4524775	24203316	55520154	35841613	0.6455604031645877
LBF3	60044929	1974335	13596012	58070594	46448917	0.7998698446239417
LBF7	60044929	3868786	22905120	56176143	37139809	0.6611313453826831
LBF8	60044929	4620274	25656133	55424655	34388796	0.6204602626755187
LCA1	60044929	3424384	19887573	56620545	40157356	0.7092364794439898
LCA2	60044929	2563806	15311200	57481123	44733729	0.7782333862892693
LCB4	60044929	4641019	26039623	55403910	34005306	0.6137708692400952
LCB5	60044929	5442501	28783735	54602428	31261194	0.5725238811724637
LCC2	60044929	5948951	29952164	54095978	30092765	0.5562847019791379
LCC6	60044929	4210845	24495973	55834084	35548956	0.6366891592597812
LCD1	60044929	5315180	28563260	54729749	31481669	0.5752204162310337
LCD5	60044929	5356715	28587640	54688214	31457289	0.5752114888959439
LCD6	60044929	6096840	29117715	53948089	30927214	0.5732772851323797
LCD7	60044929	6983644	31649867	53061285	28395062	0.5351370966609648
LCF1	60044929	3294017	21118571	56750912	38926358	0.6859159902135141
LCF3	60044929	4567938	26229915	55476991	33815014	0.6095322293164747
LCF6	60044929	2858154	19135287	57186775	40909642	0.7153689292673
LCF8	60044929	3621052	22752441	56423877	37292488	0.6609345189094327
LDA4	60044929	3725515	23034374	56319414	37010555	0.6571544760746267
LDA7	60044929	3083930	19850906	56960999	40194023	0.7056411177058183
LDA9	60044929	2917616	18517664	57127313	41527265	0.7269248774224687
LDC6	60044929	2301776	16406668	57743153	43638261	0.755730484616938
LDD1	60044929	3177969	19526126	56866960	40518803	0.7125192378843532
LDD6	60044929	3027127	18604523	57017802	41440406	0.7267976762766127
LDD9	60044929	2910235	18777652	57134694	41267277	0.7222805288849539
LDE1	60044929	2786068	18070710	57258861	41974219	0.7330606698585919
LDE3	60044929	5016633	27565981	55028296	32478948	0.5902226738040371
LDE4	60044929	3169512	20368086	56875417	39676843	0.6976097071956413
LDF4	60044929	2899482	18450251	57145447	41594678	0.7278738759362579
LDF5	60044929	2638903	16818952	57406026	43225977	0.7529867509031195
LDG2	60044929	3642876	20767647	56402053	39277282	0.6963803604808498
LDG3	60044929	2648808	15978939	57396121	44065990	0.7677520576695418
LDI5	60044929	3459374	21910398	56585555	38134531	0.6739269589208765
LDI7	60044929	4975569	27511526	55069360	32533403	0.5907714017377358
LEA3	60044929	4618928	24427570	55426001	35617359	0.6426110193300794
LEA4	60044929	5044837	26287487	55000092	33757442	0.6137706460563739
LEC7	60044929	4408572	25338095	55636357	34706834	0.6238157182002408
LEE1	60044929	3597861	21979031	56447068	38065898	0.6743644860349522
LEF2	60044929	1277959	8543224	58766970	51501705	0.8763716250812319
LEF8	60044929	1153535	7734327	58891394	52310602	0.8882554554575496
LEF9	60044929	1185733	8036777	58859196	52008152	0.883602827330499
LEH2	60044929	1870598	10309576	58174331	49735353	0.8549363979793768
LEI6	60044929	4018249	25297794	56026680	34747135	0.6201890777750886
LEI9	60044929	4410844	26355331	55634085	33689598	0.6055567913087813
LFA6	60044929	3294367	20865580	56750562	39179349	0.6903781675325084
LFA8	60044929	2975505	19038722	57069424	41006207	0.7185319935943282
LFB7	60044929	5645314	28536209	54399615	31508720	0.5792085109425866
LFB9	60044929	2299048	14531126	57745881	45513803	0.7881740171216715
LFC9	60044929	8964322	33249014	51080607	26795915	0.5245809823677311
LFD2	60044929	2237513	14630467	57807416	45414462	0.7856165375044614
LFD4	60044929	2307978	15394703	57736951	44650226	0.7733388276772704
LFE4	60044929	7984798	30895977	52060131	29148952	0.5599093094867549
LFF7	60044929	6242776	30132454	53802153	29912475	0.5559717099053638
LFF8	60044929	2414363	14817726	57630566	45227203	0.7847780464276544
LFG8	60044929	3727986	22521814	56316943	37523115	0.6662846561113944
LFH1	60044929	1950613	13174969	58094316	46869960	0.8067908054894734
LFI4	60044929	3370099	18568275	56674830	41476654	0.7318355255763449
LFI6	60044929	3639116	19345310	56405813	40699619	0.7215500820810792
LGA5	60044929	3071292	20020202	56973637	40024727	0.7025131114589016
LGA6	60044929	2432961	16521002	57611968	43523927	0.7554667634335976
LGB5	60044929	2956286	19422424	57088643	40622505	0.711568936749819
LGB8	60044929	2825048	18829061	57219881	41215868	0.7203067758914073
LGE2	60044929	2855838	18219239	57189091	41825690	0.731357838857764
LGE3	60044929	5698666	29055935	54346263	30988994	0.5702138894076305
LGG6	60044929	2234580	14915714	57810349	45129215	0.7806424936130381
LGG7	60044929	2630510	17071468	57414419	42973461	0.748478548568087
LGH1	60044929	2754105	14859654	57290824	45185275	0.7887000368505783
LGH3	60044929	3548820	19343278	56496109	40701651	0.7204328177715743
LGH8	60044929	2711147	17186112	57333782	42858817	0.7475316559441343
LGI1	60044929	2528899	16053665	57516030	43991264	0.76485223336868
LHA2	60044929	3224296	19596327	56820633	40448602	0.7118646847880065
LHA5	60044929	2762439	16670906	57282490	43374023	0.7571951393872718
LHB1	60044929	2424201	16749530	57620728	43295399	0.7513858380963184
LHB3	60044929	1496251	10181729	58548678	49863200	0.8516537299100075
LHC1	60044929	1108397	6978345	58936532	53066584	0.9004022157258931
LHD2	60044929	2880029	19333401	57164900	40711528	0.7121770177154163
LHD9	60044929	2745291	18185894	57299638	41859035	0.7305287862377071
LHE3	60044929	3095657	20131338	56949272	39913591	0.7008621813462339
LHF2	60044929	1298106	9038530	58746823	51006399	0.8682409770482397
LHF6	60044929	3176152	20090878	56868777	39954051	0.7025656802853347
LHF7	60044929	3251323	20430804	56793606	39614125	0.6975102971978923
LHG4	60044929	2074509	11495353	57970420	48549576	0.837488774447382
LHG6	60044929	1807114	9027779	58237815	51017150	0.8760141499127329
LHI4	60044929	2493357	17232154	57551572	42812775	0.7439027903529725
LHI6	60044929	2279172	16115360	57765757	43929569	0.7604776823057993
LJA7	60044929	6515989	30986505	53528940	29058424	0.5428544633986774
LJA8	60044929	1294038	7722002	58750891	52322927	0.890589506123405
LJB1	60044929	5866640	29653959	54178289	30390970	0.5609437020057979
LJC2	60044929	1671004	11149588	58373925	48895341	0.8376229797807839
LJC3	60044929	1438129	9984140	58606800	50060789	0.8541805558399367
LJC5	60044929	7221988	22490517	52822941	37554412	0.7109489038105622
LJC8	60044929	9549841	29414615	50495088	30630314	0.6065998736352336
LJC9	60044929	4220268	24064469	55824661	35980460	0.6445262605356439
LJD1	60044929	8291074	30923126	51753855	29121803	0.5626982376481906
LJD2	60044929	8625143	34879059	51419786	25165870	0.4894199676365825
LJD3	60044929	9235161	25025680	50809768	35019249	0.6892227691336831
LJE8	60044929	1596102	5750202	58448827	54294727	0.9289275728322144
