sample_id	n_sites	n_sites_missing_before	n_sites_missing_after	n_sites_nonmissing_before	n_sites_nonmissing_after	call_probability
A108	59265041	1555061	23795468	57709980	35469573	0.6146176623176789
A142	59265041	1512301	16605397	57752740	42659644	0.7386600878157469
A188	59265041	13610986	41964983	45654055	17300058	0.37893803737696463
A206	59265041	2566480	25864865	56698561	33400176	0.5890833102448579
AUA1	59265041	2964683	32462443	56300358	26802598	0.476064432840729
AUA9	59265041	3155241	33593546	56109800	25671495	0.4575224827035562
AUB6	59265041	1860358	21547695	57404683	37717346	0.6570430151142895
AUC3	59265041	1701300	21680337	57563741	37584704	0.6529232351316431
AUC4	59265041	2629011	34092258	56636030	25172783	0.4444658815245348
AUD8	59265041	1495989	20434334	57769052	38830707	0.6721714422455816
AUE1	59265041	1655616	23401608	57609425	35863433	0.6225271819671868
AUE6	59265041	3354878	38720137	55910163	20544904	0.3674627813193819
AUE7	59265041	1737279	17872152	57527762	41392889	0.7195289293541438
AUG8	59265041	2911384	35798365	56353657	23466676	0.41641797975950345
AVA8	59265041	2544688	33631579	56720353	25633462	0.4519270534159052
AVA9	59265041	2413718	33549529	56851323	25715512	0.4523291744679363
AVB2	59265041	2749362	35717394	56515679	23547647	0.4166568891439843
AVB6	59265041	1910625	23180848	57354416	36084193	0.629144109845003
AVD4	59265041	3182098	37371286	56082943	21893755	0.39038170660908433
AVG5	59265041	2450743	31552221	56814298	27712820	0.48777897422933925
AVH2	59265041	2787353	31221077	56477688	28043964	0.49654943382243266
AWB7	59265041	3069027	35848513	56196014	23416528	0.4166937534039336
AWB9	59265041	2659536	36659675	56605505	22605366	0.3993492505720071
AWC5	59265041	2799444	29955791	56465597	29309250	0.5190638469650821
AWE2	59265041	3369059	37547798	55895982	21717243	0.3885295905526805
AWI4	59265041	2719108	36576008	56545933	22689033	0.4012496000375482
AWI5	59265041	2755138	36097701	56509903	23167340	0.40996955878689084
AWI6	59265041	2772669	35859727	56492372	23405314	0.4143092805520717
AXA7	59265041	2348590	31042950	56916451	28222091	0.49585120829125484
AXB5	59265041	3004858	33400577	56260183	25864464	0.4597294679969313
AXB8	59265041	2887258	33052112	56377783	26212929	0.4649513976099415
AXD5	59265041	2570364	30578300	56694677	28686741	0.5059864967570059
AXF8	59265041	2188987	27293608	57076054	31971433	0.5601549294210143
AXH6	59265041	2897875	32203358	56367166	27061683	0.48009656898485903
AXH8	59265041	2846693	30637306	56418348	28627735	0.507418880822246
AYC7	59265041	1734565	21243836	57530476	38021205	0.660888065657583
AYE5	59265041	2706327	30515616	56558714	28749425	0.5083111507804084
BNC5	59265041	2352080	24791273	56912961	34473768	0.6057278938623488
BND3	59265041	3170049	32138179	56094992	27126862	0.48358794667445537
BND5	59265041	2752333	27615603	56512708	31649438	0.5600410796099171
Bel01	59265041	1842994	19644720	57422047	39620321	0.6899844758233714
Bel03	59265041	6845849	48749186	52419192	10515855	0.20061078011274955
Bel06	59265041	6057697	46079402	53207344	13185639	0.2478161473348491
Bel07	59265041	3860509	38577081	55404532	20687960	0.3733983349954116
Bel09	59265041	3937343	42729006	55327698	16536035	0.2988744444057658
Bel12	59265041	4644831	42069735	54620210	17195306	0.3148158163434377
Bel13	59265041	5359109	46650229	53905932	12614812	0.2340152842548015
Bel14	59265041	4397510	43686025	54867531	15579016	0.2839387104916385
Bel16	59265041	5006103	46149036	54258938	13116005	0.24172985103394393
Bel18	59265041	3896461	41580596	55368580	17684445	0.3193949528776068
Bel33	59265041	8039981	47400544	51225060	11864497	0.23161509230052635
DMD1	59265041	1992788	33461656	57272253	25803385	0.45053902454300165
GPA1	59265041	8006235	46828925	51258806	12436116	0.2426142349082419
GPB2	59265041	5741645	42508200	53523396	16756841	0.3130750709465446
GPC4	59265041	1307877	11854651	57957164	47410390	0.8180246707723656
GPC6	59265041	5302470	46368875	53962571	12896166	0.2389835354583087
GPC9	59265041	1990015	22611428	57275026	36653613	0.6399580333669338
GPD1	59265041	5110460	46000394	54154581	13264647	0.24494044188062317
GPF8	59265041	4465437	40312604	54799604	18952437	0.3458498897181812
GPF9	59265041	3176595	33262492	56088446	26002549	0.4635990271507968
GPH1	59265041	1072458	9007067	58192583	50257974	0.8636491354920609
GPH2	59265041	1790762	23101799	57474279	36163242	0.6292074059772025
GPH7	59265041	2984918	35099442	56280123	24165599	0.4293807069327123
HFG1287	59265041	1247689	16486429	58017352	42778612	0.7373416835708048
HXC4	59265041	5986964	47413175	53278077	11851866	0.22245296128086606
HXC5	59265041	2379741	26681557	56885300	32583484	0.5727926898513325
HXC6	59265041	1261288	7857864	58003753	51407177	0.886273289936946
HXC7	59265041	5923699	48107254	53341342	11157787	0.2091770956943678
HXC8	59265041	2594356	32376117	56670685	26888924	0.4744767775438042
ILA7	59265041	2077963	23167273	57187078	36097768	0.6312224590317415
ILB4	59265041	2608316	30761944	56656725	28503097	0.5030840910765668
ILB6	59265041	5086932	44985316	54178109	14279725	0.2635700149667461
ILB7	59265041	4700499	43150761	54564542	16114280	0.2953251215780387
ILC1	59265041	5196725	42279723	54068316	16985318	0.31414549696720717
ILD3	59265041	3597821	34282887	55667220	24982154	0.44877674868621065
ILD9	59265041	4155706	41139880	55109335	18125161	0.3288945693138921
ILE5	59265041	8559150	51168789	50705891	8096252	0.15967083587979944
ILE6	59265041	2751823	33653560	56513218	25611481	0.4531945252170917
ILF7	59265041	5780544	45186803	53484497	14078238	0.26322091053787045
ILF8	59265041	2134373	27757766	57130668	31507275	0.5514949518881873
ILG3	59265041	2229617	27818832	57035424	31446209	0.551345230641224
ILG7	59265041	2622107	26971275	56642934	32293766	0.5701287648694187
ILH1	59265041	5466000	46195464	53799041	13069577	0.24293327087373173
IMA1	59265041	3507432	39683913	55757609	19581128	0.35118306453922726
IMA2	59265041	4780031	45591429	54485010	13673612	0.2509609890867231
IMB3	59265041	6525976	49180047	52739065	10084994	0.1912243609172821
IMB4	59265041	2523193	30286882	56741848	28978159	0.5107017134866668
IMD1	59265041	1244747	9944305	58020294	49320736	0.8500600841491772
IMD2	59265041	3509488	37087969	55755553	22177072	0.39775539487519745
IMF7	59265041	4543308	42887511	54721733	16377530	0.299287487843267
IMF8	59265041	1672985	16871527	57592056	42393514	0.7361000274065576
IMG9	59265041	2872767	32118244	56392274	27146797	0.4813921318370669
IMH3	59265041	1912251	22383127	57352790	36881914	0.643070964812697
INA6	59265041	4625927	44456099	54639114	14808942	0.27103188386253846
INC7	59265041	3007725	33039565	56257316	26225476	0.46617005333137473
IND7	59265041	3130739	35005676	56134302	24259365	0.4321665031124819
IND8	59265041	3619439	38230972	55645602	21034069	0.3780005650761043
INE8	59265041	951180	7555895	58313861	51709146	0.8867385063047017
INE9	59265041	2044751	27349291	57220290	31915750	0.5577698050813793
INF1	59265041	2283463	23363951	56981578	35901090	0.6300473110800827
INF2	59265041	1586449	8927528	57678592	50337513	0.872724372328645
INH1	59265041	1939183	21529740	57325858	37735301	0.6582596809977096
INH7	59265041	1588520	24989706	57676521	34275335	0.5942684199000144
INH9	59265041	1527286	26049407	57737755	33215634	0.5752844737381978
IOD4	59265041	5285923	42761734	53979118	16503307	0.3057350251628787
IOD6	59265041	7438738	49604725	51826303	9660316	0.18639793774215382
IOD9	59265041	2180235	28599680	57084806	30665361	0.537189545673502
IOE1	59265041	3142175	38260535	56122866	21004506	0.3742593259581576
IOE2	59265041	3309532	35319866	55955509	23945175	0.4279323953607499
IOE3	59265041	2292807	25646062	56972234	33618979	0.5900940974159448
IOH4	59265041	2624934	32515655	56640107	26749386	0.4722693408753624
IOH5	59265041	1156587	9716584	58108454	49548457	0.852689300596433
IPB6	59265041	2301751	28857105	56963290	30407936	0.5338163578683746
IPC1	59265041	3592280	40274620	55672761	18990421	0.34110794325433225
IPD6	59265041	5266731	45605852	53998310	13659189	0.252955861026021
IPE3	59265041	4247317	38883709	55017724	20381332	0.3704502934363479
IPE7	59265041	4322538	39507899	54942503	19757142	0.3595966860119205
IPF3	59265041	4535762	42543264	54729279	16721777	0.3055362194703862
IPF7	59265041	4707798	42317004	54557243	16948037	0.31064687414648134
IPG3	59265041	1802457	19714179	57462584	39550862	0.6882889568627822
IPH2	59265041	2024033	19795151	57241008	39469890	0.689538695754624
IQA3	59265041	1272442	8496311	57992599	50768730	0.8754346395132248
IQA4	59265041	3291239	36050254	55973802	23214787	0.41474379389129223
IQB6	59265041	2682088	33987203	56582953	25277838	0.4467394623253403
IQB8	59265041	1096027	12062769	58169014	47202272	0.8114676312031007
IQB9	59265041	3146705	33555072	56118336	25709969	0.4581384772349629
IQC1	59265041	6436779	48872486	52828262	10392555	0.19672339400451977
IQC4	59265041	1995823	26577522	57269218	32687519	0.5707694314945946
IQD3	59265041	3686431	35102078	55578610	24162963	0.43475292023316164
IQE4	59265041	4474451	40146154	54790590	19118887	0.3489447184270146
IQI4	59265041	4515995	43174436	54749046	16090605	0.29389744982953675
IRA1	59265041	6596076	47521733	52668965	11743308	0.22296447253140442
IRA2	59265041	3342333	31219332	55922708	28045709	0.5015084212302452
IRB2	59265041	4569628	43630860	54695413	15634181	0.2858408071623849
IRB8	59265041	3231247	36350358	56033794	22914683	0.408943984767478
IRC4	59265041	1808332	21516105	57456709	37748936	0.6569978799168605
IRC5	59265041	3843938	39918146	55421103	19346895	0.34908895624109104
IRD7	59265041	2232234	21155436	57032807	38109605	0.6682049684140569
IRD8	59265041	4853749	41328101	54411292	17936940	0.3296547341680473
IRD9	59265041	4033422	37749702	55231619	21515339	0.38954749814594425
IRE3	59265041	5169595	43116848	54095446	16148193	0.29851298388407776
IRF6	59265041	4899830	43650763	54365211	15614278	0.28721084150671283
IRF8	59265041	6362792	48302790	52902249	10962251	0.20721710715928163
IRH2	59265041	7619975	50445209	51645066	8819832	0.17077782415845882
IRH4	59265041	7392552	49234859	51872489	10030182	0.19336226568962211
IRI8	59265041	2637318	31174490	56627723	28090551	0.49605651634624265
IRI9	59265041	4430526	42497956	54834515	16767085	0.3057761156454106
ISA1	59265041	8159344	47016743	51105697	12248298	0.23966600044609507
ISA3	59265041	3395614	15381426	55869427	43883615	0.7854674256816703
ISA6	59265041	4307763	42838582	54957278	16426459	0.2988950617241269
ISA8	59265041	2080745	28114128	57184296	31150913	0.5447459386402169
ISB1	59265041	3086501	32539028	56178540	26726013	0.47573349182801833
ISB3	59265041	3366198	36880335	55898843	22384706	0.40045025618866564
ISB7	59265041	5310699	45365915	53954342	13899126	0.25760903543221786
ISC1	59265041	2403243	29997886	56861798	29267155	0.5147068159891813
ISC9	59265041	2165380	25066684	57099661	34198357	0.5989239936118009
ISD8	59265041	3579906	39356038	55685135	19909003	0.3575281446296215
ISE5	59265041	4852935	45744746	54412106	13520295	0.24847953872617978
ISI2	59265041	2652207	28598222	56612834	30666819	0.5416937615241095
ISI6	59265041	3260873	34065207	56004168	25199834	0.449963545570394
ITA4	59265041	1943435	28306560	57321606	30958481	0.5400839781076615
ITA6	59265041	835620	7292288	58429421	51972753	0.8894962864684215
ITB1	59265041	2331957	34555386	56933084	24709655	0.4340122344329705
ITB3	59265041	2570187	33786556	56694854	25478485	0.44939678299550784
ITB4	59265041	3655593	41999147	55609448	17265894	0.31048490177424526
ITC2	59265041	3839205	43414197	55425836	15850844	0.28598294845746663
ITD7	59265041	3911258	39386232	55353783	19878809	0.35912286247897457
ITG2	59265041	2500121	30656100	56764920	28608941	0.5039898056757589
ITH3	59265041	1917826	17290593	57347215	41974448	0.7319352474222157
IUD8	59265041	3390598	19565655	55874443	39699386	0.7105106354259316
IUD9	59265041	3648690	24924163	55616351	34340878	0.6174601062914034
IUE5	59265041	3602705	19443553	55662336	39821488	0.715411728318409
IUE7	59265041	4851257	31075753	54413784	28189288	0.5180541753905591
IUF7	59265041	2673913	30593272	56591128	28671769	0.5066477734813839
IUF8	59265041	2874727	31001456	56390314	28263585	0.5012134708098983
IUI1	59265041	5917163	46371309	53347878	12893732	0.24169156268970998
IUI4	59265041	3748907	39673455	55516134	19591586	0.3528989608678443
IUI5	59265041	2408183	32842055	56856858	26422986	0.46472821273380954
IUI7	59265041	3862074	43402995	55402967	15862046	0.28630318661453635
IUI8	59265041	4849215	41645607	54415826	17619434	0.32379245699587467
IVB4	59265041	2448779	26522617	56816262	32742424	0.5762861344169385
IVB5	59265041	4243477	40400235	55021564	18864806	0.34286204586987024
IVE8	59265041	2366557	28362099	56898484	30902942	0.5431241718144898
IVF1	59265041	2053150	27775377	57211891	31489664	0.550404180837162
IVF4	59265041	1845164	16905183	57419877	42359858	0.7377211553413812
IVF5	59265041	5931221	45174286	53333820	14090755	0.26419924543188544
IVH1	59265041	3069998	35235569	56195043	24029472	0.42760839243418675
IVH2	59265041	3761693	39548944	55503348	19716097	0.35522356236960695
IWB5	59265041	3717059	40461310	55547982	18803731	0.33851330548785735
IWB6	59265041	1885885	24617267	57379156	34647774	0.603839031720857
IWC9	59265041	983040	7819232	58282001	51445809	0.8827049194827747
IWD4	59265041	2581529	33374834	56683512	25890207	0.45675022747355526
IWD5	59265041	3200977	32682164	56064064	26582877	0.47415180248081906
IWD6	59265041	2104620	24700577	57160421	34564464	0.6046922572526189
IWD7	59265041	6317609	46178046	52947432	13086995	0.2471695888858217
IWD8	59265041	3700767	36674145	55564274	22590896	0.40657232379208263
IXA3	59265041	3695990	27549240	55569051	31715801	0.5707457735781739
IXA4	59265041	1994827	30420390	57270214	28844651	0.5036588653222075
IXA5	59265041	4443594	39139412	54821447	20125629	0.3671123274071916
IXA6	59265041	3371875	27123371	55893166	32141670	0.5750554549012307
IXB5	59265041	1324925	21947854	57940116	37317187	0.6440647616238808
IXB6	59265041	3051283	39580781	56213758	19684260	0.3501680140295904
IXB8	59265041	3507086	39220011	55757955	20045030	0.35950081024313035
IXB9	59265041	3502720	35739296	55762321	23525745	0.42189321710622485
IXC1	59265041	3615588	38701194	55649453	20563847	0.36952469236310376
IXC2	59265041	5046324	44207136	54218717	15057905	0.27772521802756783
IXC3	59265041	5021643	43119608	54243398	16145433	0.2976478907165808
IXF4	59265041	1380157	9287979	57884884	49977062	0.86338709774386
IYA4	59265041	4872124	44333860	54392917	14931181	0.2745059802547453
IYA5	59265041	7009126	50516091	52255915	8748950	0.167425065660031
IYA6	59265041	7227017	50879414	52038024	8385627	0.1611442240773785
IYA7	59265041	2674402	34177039	56590639	25088002	0.44332423954428224
IYA8	59265041	3556615	43176675	55708426	16088366	0.2887959175152427
IZA1	59265041	3182520	35040821	56082521	24224220	0.4319388566715822
IZA2	59265041	3715712	39741676	55549329	19523365	0.35145996092950105
IZA5	59265041	1549210	12321734	57715831	46943307	0.8133523538801685
IZA8	59265041	1169808	9931166	58095233	49333875	0.8491897261174596
IZA9	59265041	1872576	23634110	57392465	35630931	0.6208294242110005
IZB2	59265041	1076570	13601242	58188471	45663799	0.7847568120495897
IZC5	59265041	1290969	7741821	57974072	51523220	0.8887286716723987
IZC7	59265041	3434668	37168327	55830373	22096714	0.3957830265615456
IZE1	59265041	4497422	27627248	54767619	31637793	0.5776733328502012
IZE4	59265041	1565021	23752568	57700020	35512473	0.6154672563371728
IZF1	59265041	3849683	41931369	55415358	17333672	0.3127954528417916
IZH7	59265041	1321961	5621404	57943080	53643637	0.9257988529432678
IZI3	59265041	1586275	12973893	57678766	46291148	0.8025682796334443
IZI7	59265041	3476448	35873028	55788593	23392013	0.4192974180223545
IZI8	59265041	5227435	43920706	54037606	15344335	0.28395660237057874
JAB1	59265041	3584307	34758270	55680734	24506771	0.440130171416203
JAB7	59265041	4960313	44216050	54304728	15048991	0.27712119283610076
JAE1	59265041	3379817	37264456	55885224	22000585	0.3936744531971456
JAE7	59265041	867434	7930064	58397607	51334977	0.8790595991373413
JAE9	59265041	1974006	23347753	57291035	35917288	0.6269268481534677
JAF5	59265041	2843827	35412534	56421214	23852507	0.4227577768886717
JAF7	59265041	1425203	7690810	57839838	51574231	0.8916731578674201
JAF9	59265041	1516646	9803206	57748395	49461835	0.8565057955290359
JAH7	59265041	1759061	24498756	57505980	34766285	0.6045681683887485
JBD5	59265041	3762641	39322838	55502400	19942203	0.35930343552711236
JBD6	59265041	2734184	35101681	56530857	24163360	0.42743664756400207
JBE6	59265041	3952790	36674946	55312251	22590095	0.40841033571387286
JBE7	59265041	1765794	12364445	57499247	46900596	0.8156732209032234
JBE8	59265041	5266813	44235451	53998228	15029590	0.2783348742480957
JBE9	59265041	3508161	40075294	55756880	19189747	0.3441682353818937
JBG3	59265041	4528650	42486653	54736391	16778388	0.3065307685338626
JBH4	59265041	5265134	45524838	53999907	13740203	0.25444864192080924
JBH5	59265041	3186759	37329407	56078282	21935634	0.39116094890353453
JCF2	59265041	847692	7402572	58417349	51862469	0.8877922378846737
JDD7	59265041	1445350	11109888	57819691	48155153	0.832850403852902
JDD8	59265041	4221690	41013026	55043351	18252015	0.3315934562196259
JDE3	59265041	3025367	33182270	56239674	26082771	0.4637788440950067
JDE4	59265041	1987319	20411617	57277722	38853424	0.6783339602786578
JDE6	59265041	2931637	28564079	56333404	30700962	0.5449868074721705
JDE7	59265041	3284021	29233987	55981020	30031054	0.5364506398775871
JDF3	59265041	4707605	44526948	54557436	14738093	0.270139032926694
JDF4	59265041	1226024	9041311	58039017	50223730	0.8653442562612664
JDF5	59265041	3007410	34052968	56257631	25212073	0.4481538335661521
JDG4	59265041	5843602	46985003	53421439	12280038	0.22987096996769404
JDI1	59265041	3517030	36033312	55748011	23231729	0.41672749544373877
JDI2	59265041	2075632	24780250	57189409	34484791	0.60299261004778
JDI4	59265041	1951829	30588568	57313212	28676473	0.5003466390960605
JEB2	59265041	2735112	29074721	56529929	30190320	0.5340590468457868
JEB4	59265041	4421734	39006485	54843307	20258556	0.36938975981152994
JEC7	59265041	1297059	7119642	57967982	52145399	0.8995551889317106
JED2	59265041	1322013	8287667	57943028	50977374	0.8797844323910722
JED4	59265041	3064092	34721561	56200949	24543480	0.43670935165169544
JED5	59265041	981499	8410496	58283542	50854545	0.8725369676400243
JEG5	59265041	2470721	29658243	56794320	29606798	0.5212985735193237
JEG6	59265041	4678583	44219413	54586458	15045628	0.2756293145087377
JEI4	59265041	4261346	41176766	55003695	18088275	0.32885563415330554
JEI5	59265041	3993678	40262940	55271363	19002101	0.3437964972928205
JEI6	59265041	1501076	20419413	57763965	38845628	0.6724889470450999
JEI8	59265041	1124469	10128080	58140572	49136961	0.8451406532429712
JUA3	59265041	2514302	31462365	56750739	27802676	0.4899086159917671
JUA4	59265041	1374538	11166476	57890503	48098565	0.8308541558189605
JUB6	59265041	4190045	40851847	55074996	18413194	0.33432946595220814
JUB7	59265041	2952701	31205583	56312340	28059458	0.49828257891609545
JUD4	59265041	5527637	46245073	53737404	13019968	0.242288741748671
JUD5	59265041	1209084	14558370	58055957	44706671	0.7700617354391385
JUH9	59265041	2048346	29386043	57216695	29878998	0.522207687808602
JUI1	59265041	5195948	46886774	54069093	12378267	0.22893424529980558
JVB4	59265041	1468477	16721346	57796564	42543695	0.7360938446098629
JVB8	59265041	1941127	25288128	57323914	33976913	0.592717953627521
JVC3	59265041	1353855	18410066	57911186	40854975	0.7054763996717318
JVC9	59265041	2154315	31021838	57110726	28243203	0.4945341265666978
JVE1	59265041	6588710	48587386	52676331	10677655	0.20270308879333301
JVF2	59265041	4803455	44773380	54461586	14491661	0.2660895883568282
JVH2	59265041	4343784	40920927	54921257	18344114	0.33400754101458385
JVH3	59265041	7792781	50443431	51472260	8821610	0.17138571339202902
JVH4	59265041	2529823	25486313	56735218	33778728	0.5953749574030014
JVI5	59265041	1852144	16493209	57412897	42771832	0.7449864792574393
JVI9	59265041	2333707	30503366	56931334	28761675	0.5051993863344217
JWA1	59265041	998203	7965562	58266838	51299479	0.8804232520735036
JWA2	59265041	957399	6484070	58307642	52780971	0.9052153232332736
JWA3	59265041	4207884	43121854	55057157	16143187	0.2932077840488567
JWA4	59265041	4650602	44917670	54614439	14347371	0.26270289071357117
JWA5	59265041	1136108	8005903	58128933	51259138	0.8818179752241453
JWA6	59265041	1077462	6503439	58187579	52761602	0.906750253348743
JWA7	59265041	1266686	16820459	57998355	42444582	0.7318238939707858
JWA8	59265041	9196945	49575107	50068096	9689934	0.19353510067568777
JWA9	59265041	2148306	19131142	57116735	40133899	0.7026644467685347
JWC8	59265041	3894512	41341830	55370529	17923211	0.323695859940222
JWC9	59265041	1160281	12432448	58104760	46832593	0.806002692378387
JWD1	59265041	1156303	6159985	58108738	53105056	0.9138910571418708
JWD2	59265041	1173408	6639721	58091633	52625320	0.9059018877985406
JWE3	59265041	3506962	42954521	55758079	16310520	0.2925229902558157
JWE7	59265041	2355105	10970172	56909936	48294869	0.848619281525813
JWE8	59265041	2332430	15748380	56932611	43516661	0.7643538603911912
JWF3	59265041	1245290	9090982	58019751	50174059	0.8647754968820877
JWF4	59265041	1293673	10249759	57971368	49015282	0.8455084585894195
JWF5	59265041	1187170	6719080	58077871	52545961	0.9047501241910193
JWF6	59265041	1266471	9507390	57998570	49757651	0.8579116864433037
JWF7	59265041	1463362	8145695	57801679	51119346	0.884392060652771
JWF8	59265041	1354726	8776949	57910315	50488092	0.8718324533375444
JWF9	59265041	1131901	10023314	58133140	49241727	0.8470508732196472
JWG1	59265041	1986262	8717258	57278779	50547783	0.8824870900268318
JWG2	59265041	1607259	10261712	57657782	49003329	0.8498996544820264
JWG3	59265041	5005483	44149275	54259558	15115766	0.27858254945607924
JWG4	59265041	976224	8664751	58288817	50600290	0.8680960191729401
JWG5	59265041	2551335	36120837	56713706	23144204	0.40808837285293964
JWG8	59265041	7897849	51086584	51367192	8178457	0.15921557479723633
JWG9	59265041	1390360	18235982	57874681	41029059	0.7089293330186995
JWH1	59265041	1222401	16163346	58042640	43101695	0.7425867431253989
JWH2	59265041	1136112	13064818	58128929	46200223	0.7947888219306432
JWH3	59265041	1350680	17757664	57914361	41507377	0.7167026672365426
JWH4	59265041	1311005	16966236	57954036	42298805	0.7298681493036999
JWH5	59265041	1373949	18601057	57891092	40663984	0.7024221273974242
JWH6	59265041	1233886	15413201	58031155	43851840	0.755660300057788
JWH9	59265041	1349521	17964236	57915520	41300805	0.7131215432409137
JWI2	59265041	2351544	32174044	56913497	27090997	0.4760030296504184
JWI3	59265041	1345790	16941272	57919251	42323769	0.7307375055661545
JWI6	59265041	1310858	17607820	57954183	41657221	0.7187957597469712
JXA4	59265041	2411949	31662445	56853092	27602596	0.48550738454119613
JXB5	59265041	1740132	24305772	57524909	34959269	0.6077240209106632
JXC1	59265041	1959486	26467862	57305555	32797179	0.5723211126739808
JXD4	59265041	1966361	25827969	57298680	33437072	0.583557457170043
JXD7	59265041	1447131	16354773	57817910	42910268	0.7421622123663757
JXE9	59265041	1869959	19782011	57395082	39483030	0.6879166058165054
JXF4	59265041	5223712	45903064	54041329	13361977	0.24725478161353137
JXG8	59265041	1423698	11541915	57841343	47723126	0.825069466315815
JXH2	59265041	1395903	10940729	57869138	48324312	0.8350618943036615
JXH4	59265041	19433605	57926207	39831436	1338834	0.033612496421168446
JXH5	59265041	1117048	11125685	58147993	48139356	0.8278764840602495
JXI2	59265041	4028161	42141881	55236880	17123160	0.3099950612706583
JXI4	59265041	6462767	49243820	52802274	10021221	0.1897876784624844
JYD3	59265041	1640597	15006492	57624444	44258549	0.7680516448887559
JYD5	59265041	10313524	54142313	48951517	5122728	0.10464901424811819
JYF7	59265041	2166622	21696177	57098419	37568864	0.6579667993959692
JYG5	59265041	3178757	33883949	56086284	25381092	0.45253652390306337
JYH3	59265041	2144967	22802150	57120074	36462891	0.6383551078732846
JYH7	59265041	4259671	41116665	55005370	18148376	0.32993825875546334
JYI8	59265041	2170082	30812920	57094959	28452121	0.49832982628116085
JZA3	59265041	2520160	31598017	56744881	27667024	0.48756863196170946
JZB7	59265041	5831439	47739631	53433602	11525410	0.21569592107977298
JZD3	59265041	2022427	21393337	57242614	37871704	0.6615998353953577
JZD5	59265041	2233933	28383673	57031108	30881368	0.5414828693140593
JZD6	59265041	1898264	23220590	57366777	36044451	0.6283157758714596
JZE2	59265041	3320554	31732510	55944487	27532531	0.4921401996232444
JZE4	59265041	1805715	8953582	57459326	50311459	0.8756012731510286
JZE6	59265041	2364843	29143328	56900198	30121713	0.5293779997039729
JZE8	59265041	2837174	33634303	56427867	25630738	0.4542212804180601
JZF1	59265041	2477831	31254616	56787210	28010425	0.49325235383108273
JZF2	59265041	1204246	8332347	58060795	50932694	0.8772303927288629
JZF3	59265041	1069665	8198764	58195376	51066277	0.8774971571624522
JZF4	59265041	1250406	12884273	58014635	46380768	0.799466686293898
KAD2	59265041	2290930	29332880	56974111	29932161	0.5253642483337739
KAE8	59265041	4267412	42461180	54997629	16803861	0.305537916916382
KAF1	59265041	3578510	37515982	55686531	21749059	0.3905622887516552
KAF2	59265041	1624835	11372482	57640206	47892559	0.8308880610176862
KAF3	59265041	3546592	35573772	55718449	23691269	0.4251961320746742
KAF4	59265041	3466705	35208741	55798336	24056300	0.431129344072196
KAF5	59265041	2300410	27856881	56964631	31408160	0.5513624761301447
KAF6	59265041	1873734	21908731	57391307	37356310	0.6509053714354336
KAG3	59265041	1067983	20515085	58197058	38749956	0.6658404622446722
KAG7	59265041	1025024	8005091	58240017	51259950	0.880149983472704
KAG8	59265041	980834	6903268	58284207	52361773	0.898386985002644
KCE5	59265041	3986662	41949803	55278379	17315238	0.31323707954605545
KCE7	59265041	1575965	19122243	57689076	40142798	0.6958474772589528
KCF3	59265041	1137202	7017105	58127839	52247936	0.898845319193786
KCG2	59265041	1899907	20728029	57365134	38537012	0.6717845721409803
KCG3	59265041	1427637	9817496	57837404	49447545	0.8549406021058622
KCI6	59265041	1174867	9216566	58090174	50048475	0.8615652450963566
KCI7	59265041	3375593	38646282	55889448	20618759	0.368920426625076
KDC6	59265041	5209897	45241431	54055144	14023610	0.2594315538221487
KDG2	59265041	755585	10866707	58509456	48398334	0.8271882411622491
KEA4	59265041	2266355	33405559	56998686	25859482	0.45368558145357946
KEB4	59265041	1976232	30654003	57288809	28611038	0.49941757385809854
KEB8	59265041	2285682	29335876	56979359	29929165	0.5252632799888114
KEC1	59265041	2251725	28653136	57013316	30611905	0.5369255315723085
KEC2	59265041	3059731	36277207	56205310	22987834	0.4089975484522726
KED6	59265041	3035584	38915641	56229457	20349400	0.3618992799450295
KED7	59265041	2471505	35656472	56793536	23608569	0.4156911272437765
KEE9	59265041	3477415	41224626	55787626	18040415	0.3233766391134837
KEF1	59265041	3044891	39140490	56220150	20124551	0.35795975286440895
KEF2	59265041	1113535	14710501	58151506	44554540	0.766180329018478
KEF3	59265041	3302181	40904723	55962860	18360318	0.3280804090427115
KEH3	59265041	1113135	12346364	58151906	46918677	0.8068295646233848
KFA7	59265041	1410813	11762976	57854228	47502065	0.8210647111218907
KFA9	59265041	1702854	20059523	57562187	39205518	0.6810984787634979
KFD2	59265041	2969254	37392093	56295787	21872948	0.38853614392139146
KFD4	59265041	3116016	38484270	56149025	20780771	0.3701003000497337
KFE8	59265041	3116098	37623788	56148943	21641253	0.385425830723118
KFF1	59265041	2696453	34580335	56568588	24684706	0.4363677240803677
KFF4	59265041	2741048	36352269	56523993	22912772	0.4053636479645024
KFH4	59265041	2826694	35310688	56438347	23954353	0.42443399343357807
KFH5	59265041	2790943	35530465	56474098	23734576	0.420273662449642
KHA4	59265041	2831680	36240697	56433361	23024344	0.407991719649659
KHA5	59265041	2307515	34041908	56957526	25223133	0.4428410917988257
KHA7	59265041	3590024	41267872	55675017	17997169	0.3232539470980314
KHA9	59265041	6319074	49611060	52945967	9653981	0.18233647522199378
KHC4	59265041	4497988	42153860	54767053	17111181	0.3124356718627895
KHC5	59265041	4975369	43876209	54289672	15388832	0.28345781864366393
KHE6	59265041	3359230	40651084	55905811	18613957	0.33295209687594013
KYA1	59265041	4922401	46529531	54342640	12735510	0.23435574716281726
KYA5	59265041	4101716	43865537	55163325	15399504	0.2791619975771946
KYB7	59265041	3281078	38798429	55983963	20466612	0.36557990723164774
KYB8	59265041	3222665	38274824	56042376	20990217	0.3745418823784345
KYB9	59265041	3001632	35861418	56263409	23403623	0.4159652501681866
KYE2	59265041	4843737	44009809	54421304	15255232	0.28031728162926783
KYE7	59265041	4769846	43752565	54495195	15512476	0.28465768403984976
KYG1	59265041	6379869	48377980	52885172	10887061	0.20586225946282258
LBA1	59265041	2205150	31907193	57059891	27357848	0.4794584693475843
LBE2	59265041	2399642	28736468	56865399	30528573	0.536856744819464
LBE9	59265041	4437713	42984048	54827328	16280993	0.2969503273987746
LBF3	59265041	1929736	28621055	57335305	30643986	0.5344697477409425
LBF7	59265041	3791968	41763576	55473073	17501465	0.31549478068395453
LBF8	59265041	4533625	44502965	54731416	14762076	0.2697185104803428
LCA1	59265041	3355695	37911477	55909346	21353564	0.38193192243744006
LCA2	59265041	2508255	31078070	56756786	28186971	0.49662732840439555
LCB4	59265041	4556932	45185838	54708109	14079203	0.2573513005174425
LCB5	59265041	5345088	47633824	53919953	11631217	0.21571266948248266
LCC2	59265041	5847411	48343819	53417630	10921222	0.20444976686535887
LCC6	59265041	4133627	43562204	55131414	15702837	0.2848255805664625
LCD1	59265041	5215176	47638432	54049865	11626609	0.2151089369048378
LCD5	59265041	5257151	47633047	54007890	11631994	0.21537582749483455
LCD6	59265041	5981493	47811482	53283548	11453559	0.21495488626245385
LCD7	59265041	6853794	49808255	52411247	9456786	0.18043428732004793
LCF1	59265041	3225571	40326007	56039470	18939034	0.3379588350853425
LCF3	59265041	4478556	45731571	54786485	13533470	0.24702205297529126
LCF6	59265041	2796166	37860422	56468875	21404619	0.37905162799860986
LCF8	59265041	3546150	42190701	55718891	17074340	0.30643718303725753
LDA4	59265041	3645267	42508034	55619774	16757007	0.301277869270019
LDA7	59265041	3016619	38775260	56248422	20489781	0.3642729924050136
LDA9	59265041	2849847	36057881	56415194	23207160	0.4113636478853551
LDC6	59265041	2246555	33456254	57018486	25808787	0.4526389388872935
LDD1	59265041	3109621	37278347	56155420	21986694	0.39153289210551717
LDD6	59265041	2964101	36449202	56300940	22815839	0.40524792303645374
LDD9	59265041	2850008	36909053	56415033	22355988	0.39627714123645025
LDE1	59265041	2726398	35947335	56538643	23317706	0.4124206872103386
LDE3	59265041	4919434	46826081	54345607	12438960	0.22888620969860546
LDE4	59265041	3098205	39388385	56166836	19876656	0.3538859835366194
LDF4	59265041	2840145	36279409	56424896	22985632	0.4073668474284826
LDF5	59265041	2583492	34036444	56681549	25228597	0.4450936406131032
LDG2	59265041	3570797	39087187	55694244	20177854	0.36229693682528485
LDG3	59265041	2591450	32181883	56673591	27083158	0.47787968826609206
LDI5	59265041	3384277	41184708	55880764	18080333	0.3235520008280488
LDI7	59265041	4877231	46848069	54387810	12416972	0.2283043203982657
LEA3	59265041	4533611	43304158	54731430	15960883	0.29162188892195945
LEA4	59265041	4950400	45376221	54314641	13888820	0.25571042621822726
LEC7	59265041	4319580	44230748	54945461	15034293	0.27362211047787915
LEE1	59265041	3525523	40898336	55739518	18366705	0.32950957702935285
LEF2	59265041	1243901	16348038	58021140	42917003	0.7396787274431353
LEF8	59265041	1124412	15014498	58140629	44250543	0.7610950167050996
LEF9	59265041	1155536	15574943	58109505	43690098	0.7518580307989201
LEH2	59265041	1829171	20522366	57435870	38742675	0.6745379673016183
LEI6	59265041	3936513	45001524	55328528	14263517	0.2577967915575126
LEI9	59265041	4319968	45750459	54945073	13514582	0.24596531157579862
LFA6	59265041	3223818	39988078	56041223	19276963	0.34397827113801566
LFA8	59265041	2909790	37437108	56355251	21827933	0.3873274027295167
LFB7	59265041	5544387	47327007	53720654	11938034	0.22222428639830036
LFB9	59265041	2250177	29921622	57014864	29343419	0.5146626149980819
LFC9	59265041	8819217	50232492	50445824	9032549	0.17905444462558487
LFD2	59265041	2186144	30127978	57078897	29137063	0.5104699728167488
LFD4	59265041	2255857	31781531	57009184	27483510	0.4820891665455166
LFE4	59265041	7847904	48577779	51417137	10687262	0.2078540856913134
LFF7	59265041	6122913	48607606	53142128	10657435	0.20054588329620524
LFF8	59265041	2360305	30288559	56904736	28976482	0.5092103757409576
LFG8	59265041	3654731	41638994	55610310	17626047	0.3169564600521019
LFH1	59265041	1907954	27513000	57357087	31752041	0.5535853137032569
LFI4	59265041	3302074	35772159	55962967	23492882	0.4197933608487913
LFI6	59265041	3566651	36813149	55698390	22451892	0.40309768379301447
LGA5	59265041	3003050	38839908	56261991	20425133	0.3630360859429948
LGA6	59265041	2373954	33941162	56891087	25323879	0.4451291113491996
LGB5	59265041	2889533	38220002	56375508	21045039	0.37330109734887
LGB8	59265041	2759490	37571817	56505551	21693224	0.38391314863914877
LGE2	59265041	2797205	36017726	56467836	23247315	0.4116912679281706
LGE3	59265041	5600469	47727083	53664572	11537958	0.21500139794276193
LGG6	59265041	2184488	31129299	57080553	28135742	0.49291291904617673
LGG7	59265041	2572688	34393166	56692353	24871875	0.43871657611388964
LGH1	59265041	2695892	30091733	56569149	29173308	0.5157105686705663
LGH3	59265041	3477701	37095657	55787340	22169384	0.3973909492727203
LGH8	59265041	2654684	34471087	56610357	24793954	0.43797558104076256
LGI1	59265041	2474848	32572902	56790193	26692139	0.4700131763947342
LHA2	59265041	3155885	37698382	56109156	21566659	0.3843696918199946
LHA5	59265041	2700466	33141279	56564575	26123762	0.4618396231210082
LHB1	59265041	2365763	34455040	56899278	24810001	0.43603366988241926
LHB3	59265041	1456360	21804984	57808681	37460057	0.6480005485681294
LHC1	59265041	1081232	12180896	58183809	47084145	0.8092310525768431
LHD2	59265041	2815010	38202037	56450031	21063004	0.37312652671528207
LHD9	59265041	2682557	36380214	56582484	22884827	0.40445073072437043
LHE3	59265041	3026253	39080400	56238788	20184641	0.3589096016791827
LHF2	59265041	1264994	16503066	58000047	42761975	0.7372748335876349
LHF6	59265041	3110750	38708149	56154291	20556892	0.36607873831048815
LHF7	59265041	3184479	39093546	56080562	20171495	0.3596878183924048
LHG4	59265041	2027907	22412581	57237134	36852460	0.6438557877478631
LHG6	59265041	1766837	16773332	57498204	42491709	0.7390093262739128
LHI4	59265041	2432543	35332982	56832498	23932059	0.42109813649225836
LHI6	59265041	2222053	33622621	57042988	25642420	0.44952799457139236
LJA7	59265041	6403152	48995354	52861889	10269687	0.19427393145182534
LJA8	59265041	1263464	14376196	58001577	44888845	0.7739245607063407
LJB1	59265041	5753101	48074783	53511940	11190258	0.2091170307038018
LJC2	59265041	1634332	22957122	57630709	36307919	0.6300099309900907
LJC3	59265041	1401676	19374973	57863365	39890068	0.6893838268825189
LJC5	59265041	7052684	33378392	52212357	25886649	0.4957954493416185
LJC8	59265041	9376810	42694517	49888231	16570524	0.3321529681018355
LJC9	59265041	4126282	41691053	55138759	17573988	0.31872295130907824
LJD1	59265041	8144768	45262418	51120273	14002623	0.2739152625417317
LJD2	59265041	8474357	51658547	50790684	7606494	0.14976159801273792
LJD3	59265041	9044923	34316775	50220118	24948266	0.4967783229820368
LJE8	59265041	1561950	7883885	57703091	51381156	0.8904402712152804
